2334516063,
1040671120170438847,
2293855847,
1562330220,
3839985851,
4068508864,
2905669276,
3230929674,
13438553315,
4304149447,
191466215,
432403343,
1869648628,
4457207817,
4730215182,
416607347,
647174858,
5767980726,
992064276,
1472274081,
4883887544,
1184784163,
3718143601,
5504671588,
104315001,
3529879995,
5773731776,
984493440,
4559953615,
195209273,
1952092731,
752555301,
3718027962,
6039921268,
6055408793,
133057141,
1901924951,
2559776394,
2395007089,
4817231063,
2748937613,
6083966562,
463407246,
6097794748,
211362216,
1411186590,
2268346029,
261126843,
647174858,
3737809393,
1343224311,
2913505651,
863026489,
3980193988,
4584556931,
753424966,
877129949,
5260799786,
2993515239,
1891871950
